<?xml version="1.0" standalone="no"?>
<!DOCTYPE svg PUBLIC "-//W3C//DTD SVG 20010904//EN"
 "http://www.w3.org/TR/2001/REC-SVG-20010904/DTD/svg10.dtd">
<svg style="width:100%;height:100%;max-width:100%;max-height:100%;display:block;" version="1.0" xmlns="http://www.w3.org/2000/svg"
 width="1212.000000pt" height="1380.000000pt" viewBox="0 0 1212.000000 1380.000000"
 preserveAspectRatio="xMidYMid meet">
<metadata>
Created by potrace 1.16, written by Peter Selinger 2001-2019
</metadata>
<g transform="translate(0.000000,1380.000000) scale(0.100000,-0.100000)"
fill="#ffffff" stroke="none">
<path d="M3142 13489 c-116 -8 -306 -38 -422 -65 -36 -8 -80 -18 -98 -21 -18
-3 -35 -9 -38 -14 -3 -5 -18 -9 -34 -9 -16 0 -32 -4 -35 -10 -3 -5 -16 -10
-29 -10 -12 0 -25 -3 -29 -6 -3 -3 -41 -19 -84 -34 -278 -99 -585 -267 -848
-465 -132 -99 -396 -355 -516 -500 -95 -115 -209 -280 -289 -420 -75 -129
-190 -365 -190 -389 0 -9 -4 -16 -10 -16 -5 0 -10 -9 -10 -20 0 -11 -9 -39
-19 -62 -75 -165 -157 -521 -172 -743 -11 -183 -11 -7653 0 -7845 14 -226 95
-580 172 -748 10 -23 19 -51 19 -62 0 -11 5 -20 10 -20 6 0 10 -7 10 -16 0
-24 115 -260 190 -389 80 -140 194 -305 289 -420 120 -145 384 -401 516 -500
263 -198 570 -366 848 -465 43 -15 81 -31 84 -34 4 -3 17 -6 29 -6 13 0 26 -5
29 -10 3 -6 19 -10 35 -10 16 0 32 -4 35 -10 3 -5 17 -10 31 -10 14 0 33 -4
43 -9 9 -5 95 -24 191 -43 l175 -33 3035 0 3035 0 175 33 c96 19 182 38 191
43 10 5 29 9 43 9 14 0 28 5 31 10 3 6 19 10 35 10 16 0 32 5 35 10 3 6 16 10
29 10 12 0 25 3 29 6 3 3 41 19 84 34 278 99 585 267 848 465 132 99 396 355
516 500 95 115 209 280 289 420 75 129 190 365 190 389 0 9 5 16 10 16 6 0 10
9 10 20 0 11 9 39 19 62 77 168 158 522 172 748 11 192 11 7662 0 7845 -15
222 -97 578 -172 743 -10 23 -19 51 -19 62 0 11 -4 20 -10 20 -5 0 -10 7 -10
16 0 24 -115 260 -190 389 -80 140 -194 305 -289 420 -120 145 -384 401 -516
500 -263 198 -570 366 -848 465 -43 15 -81 31 -84 34 -4 3 -17 6 -29 6 -13 0
-26 5 -29 10 -3 6 -19 10 -35 10 -16 0 -32 5 -35 10 -3 6 -17 10 -31 10 -14 0
-33 4 -43 9 -9 5 -93 24 -186 42 l-170 32 -1435 7 c-1855 10 -4383 9 -4528 -1z
m5823 -69 c135 -12 417 -58 430 -71 5 -5 24 -9 41 -9 18 0 36 -4 39 -10 3 -5
16 -10 28 -10 19 0 94 -22 172 -50 11 -4 36 -13 55 -19 109 -39 170 -66 305
-133 162 -82 308 -167 395 -232 30 -23 60 -43 67 -46 29 -12 314 -263 396
-350 250 -264 450 -560 591 -876 66 -149 156 -395 156 -428 0 -14 5 -28 10
-31 6 -3 10 -19 10 -36 0 -16 4 -37 10 -47 5 -9 17 -60 26 -112 8 -52 20 -117
24 -144 30 -162 32 -437 32 -4036 0 -3598 -2 -3874 -32 -4036 -4 -27 -16 -92
-24 -144 -9 -52 -21 -103 -26 -112 -6 -10 -10 -31 -10 -47 0 -17 -5 -33 -10
-36 -5 -3 -10 -17 -10 -31 0 -33 -90 -279 -156 -428 -141 -316 -341 -612 -591
-876 -82 -87 -367 -338 -396 -350 -7 -3 -37 -23 -67 -46 -87 -65 -233 -150
-395 -232 -135 -67 -196 -94 -305 -133 -19 -6 -44 -15 -55 -19 -78 -28 -153
-50 -172 -50 -12 0 -25 -4 -28 -10 -3 -5 -21 -10 -39 -10 -17 0 -36 -4 -42 -9
-16 -17 -308 -61 -477 -73 -229 -16 -5485 -16 -5714 0 -169 12 -461 56 -477
73 -6 5 -25 9 -42 9 -18 0 -36 5 -39 10 -3 6 -16 10 -28 10 -19 0 -94 22 -172
50 -11 4 -36 13 -55 19 -109 39 -170 66 -305 133 -162 82 -308 167 -395 232
-30 23 -60 43 -67 46 -29 12 -314 263 -396 350 -250 264 -450 560 -591 876
-66 149 -156 395 -156 428 0 14 -4 28 -10 31 -5 3 -10 19 -10 36 0 16 -4 37
-10 47 -5 9 -17 60 -26 112 -8 52 -20 117 -24 144 -30 162 -32 438 -32 4036 0
3599 2 3874 32 4036 4 27 16 92 24 144 9 52 21 103 26 112 6 10 10 31 10 47 0
17 5 33 10 36 6 3 10 17 10 31 0 33 90 279 156 428 141 316 341 612 591 876
82 87 367 338 396 350 7 3 37 23 67 46 87 65 233 150 395 232 135 67 196 94
305 133 19 6 44 15 55 19 78 28 153 50 172 50 12 0 25 5 28 10 3 6 21 10 39
10 17 0 36 4 42 10 14 14 286 56 444 69 74 7 155 13 180 15 99 8 5512 -6 5615
-14z"/>
<path d="M3245 13183 c-103 -6 -331 -35 -347 -44 -9 -5 -32 -9 -52 -9 -19 0
-38 -4 -41 -10 -3 -5 -21 -10 -40 -10 -19 0 -37 -4 -40 -10 -3 -5 -19 -10 -35
-10 -16 0 -32 -4 -35 -10 -3 -5 -17 -10 -30 -10 -13 0 -26 -4 -29 -9 -3 -4
-20 -11 -37 -15 -53 -10 -435 -177 -449 -195 -3 -4 -45 -29 -93 -56 -236 -132
-580 -435 -768 -678 -103 -133 -141 -189 -249 -376 -64 -109 -200 -418 -200
-452 0 -10 -4 -21 -10 -24 -5 -3 -10 -19 -10 -35 0 -16 -4 -32 -10 -35 -6 -3
-10 -19 -10 -34 0 -15 -4 -31 -9 -36 -5 -6 -26 -93 -47 -195 l-37 -185 -8
-350 c-9 -456 -9 -6774 0 -7230 l8 -350 37 -185 c21 -102 42 -189 47 -194 5
-6 9 -22 9 -37 0 -15 5 -31 10 -34 6 -3 10 -19 10 -35 0 -16 5 -32 10 -35 6
-3 10 -14 10 -24 0 -34 136 -343 200 -452 108 -187 146 -243 249 -376 188
-243 532 -546 768 -678 48 -27 90 -52 93 -56 14 -18 396 -185 449 -195 17 -4
34 -11 37 -15 3 -5 16 -9 29 -9 13 0 27 -4 30 -10 3 -5 19 -10 35 -10 16 0 32
-4 35 -10 3 -5 21 -10 39 -10 17 0 36 -4 41 -9 6 -5 28 -11 50 -15 22 -3 81
-13 130 -23 85 -16 260 -18 3075 -18 2815 0 2990 2 3075 18 50 10 108 20 130
23 22 4 44 10 50 15 5 5 24 9 41 9 18 0 36 5 39 10 3 6 19 10 35 10 16 0 32 5
35 10 3 6 17 10 30 10 13 0 26 4 29 9 3 4 20 11 37 15 53 10 435 177 449 195
3 4 45 29 93 56 236 132 580 435 768 678 103 133 141 189 249 376 64 109 200
418 200 452 0 10 5 21 10 24 6 3 10 19 10 35 0 16 5 32 10 35 6 3 10 19 10 34
0 15 4 31 9 36 5 6 26 93 47 195 l37 185 8 350 c9 456 9 6774 0 7230 l-8 350
-37 185 c-21 102 -42 189 -47 195 -5 5 -9 21 -9 36 0 15 -4 31 -10 34 -5 3
-10 19 -10 35 0 16 -4 32 -10 35 -5 3 -10 14 -10 24 0 34 -136 343 -200 452
-108 187 -146 243 -249 376 -188 243 -532 546 -768 678 -48 27 -90 52 -93 56
-14 18 -396 185 -449 195 -17 4 -34 11 -37 15 -3 5 -16 9 -29 9 -13 0 -27 5
-30 10 -3 6 -19 10 -35 10 -16 0 -32 5 -35 10 -3 6 -21 10 -39 10 -17 0 -36 4
-41 9 -6 5 -28 11 -50 15 -22 3 -78 12 -125 21 -74 14 -264 17 -1480 25 -1318
8 -4307 10 -4415 3z m4535 -63 c977 -6 1163 -10 1270 -24 69 -9 146 -23 172
-31 26 -8 60 -15 77 -15 16 0 33 -4 36 -10 3 -5 21 -10 40 -10 19 0 37 -4 40
-10 3 -5 14 -10 23 -10 24 0 209 -69 325 -120 66 -30 97 -49 97 -60 0 -18
-100 -168 -143 -214 -14 -15 -34 -46 -45 -69 -26 -55 -120 -187 -132 -187 -6
0 -10 5 -10 10 0 6 -6 10 -14 10 -8 0 -44 14 -81 30 -37 17 -73 30 -81 30 -8
0 -22 4 -32 9 -57 29 -299 88 -414 101 -112 13 -5584 13 -5696 0 -92 -10 -342
-67 -356 -81 -6 -5 -20 -9 -32 -9 -13 0 -26 -4 -29 -10 -3 -5 -14 -10 -25 -10
-10 0 -48 -13 -85 -30 -37 -16 -73 -30 -81 -30 -8 0 -14 -4 -14 -10 0 -5 -4
-10 -9 -10 -11 0 -96 116 -121 165 -9 18 -31 51 -47 72 -64 81 -153 217 -153
233 0 11 31 30 98 60 115 51 300 120 324 120 9 0 20 5 23 10 3 6 21 10 40 10
19 0 37 5 40 10 3 6 22 10 41 10 20 0 44 4 54 10 24 13 182 36 345 50 71 6
132 13 134 16 7 7 3186 3 4421 -6z m-5538 -397 c69 -97 884 -1308 955 -1419
28 -44 53 -89 55 -99 2 -14 -14 -27 -72 -56 -110 -56 -130 -62 -137 -41 -4 9
-9 19 -12 22 -3 3 -22 30 -42 60 -609 920 -942 1427 -960 1458 -12 21 -20 45
-17 53 3 8 34 30 69 49 35 18 66 37 67 42 11 25 44 1 94 -69z m7731 66 c7 -6
39 -25 72 -43 37 -20 61 -40 63 -52 2 -12 -60 -116 -158 -265 -89 -134 -202
-307 -252 -384 -50 -77 -135 -205 -188 -285 -54 -80 -106 -161 -117 -181 -10
-20 -33 -54 -51 -76 -17 -22 -49 -67 -69 -100 -50 -79 -176 -267 -184 -273 -3
-3 -8 -13 -12 -22 -5 -15 -11 -16 -33 -8 -38 15 -167 80 -177 90 -13 11 11 51
153 264 70 105 157 236 194 291 37 55 90 133 119 173 28 40 70 101 92 137 71
113 457 677 488 711 31 36 41 40 60 23z m-7995 -192 c22 -29 54 -79 73 -112
18 -33 56 -90 84 -127 27 -36 65 -92 84 -123 28 -47 32 -59 20 -65 -62 -35
-206 -156 -314 -265 -191 -190 -300 -340 -431 -592 -37 -70 -69 -130 -71 -132
-4 -6 -91 29 -198 79 -203 94 -287 136 -296 146 -6 8 1 34 21 75 16 35 30 70
30 77 0 6 5 12 10 12 6 0 10 5 10 12 0 37 214 377 325 515 79 99 270 291 386
389 85 72 208 163 221 164 4 0 25 -24 46 -53z m8275 11 c224 -150 544 -486
708 -743 64 -99 159 -269 159 -283 0 -7 5 -12 10 -12 6 0 10 -7 10 -15 0 -9
14 -42 30 -75 17 -33 30 -63 30 -68 0 -16 -494 -243 -503 -231 -2 2 -34 62
-71 132 -84 162 -131 238 -222 357 -136 177 -316 355 -465 458 -38 26 -69 50
-69 53 0 4 28 49 63 100 34 51 67 101 73 111 6 10 17 26 26 35 8 10 27 41 43
68 30 54 102 155 111 155 3 0 33 -19 67 -42z m-1484 -119 c95 -5 192 -14 215
-20 22 -6 57 -13 76 -16 19 -2 44 -8 55 -13 11 -4 43 -14 70 -20 61 -14 285
-99 303 -115 14 -12 -19 -72 -109 -200 -27 -38 -72 -106 -100 -150 -82 -128
-107 -155 -139 -155 -16 0 -32 5 -35 10 -3 6 -17 10 -30 10 -13 0 -27 5 -30
10 -3 6 -17 10 -30 10 -13 0 -26 4 -29 9 -3 5 -20 11 -38 14 -18 3 -64 14
-103 24 -67 17 -199 18 -2785 18 -2586 0 -2718 -1 -2785 -18 -38 -10 -85 -21
-103 -24 -18 -3 -35 -9 -38 -14 -3 -5 -16 -9 -29 -9 -13 0 -27 -4 -30 -10 -3
-5 -16 -10 -29 -10 -12 0 -27 -5 -33 -11 -6 -6 -23 -9 -39 -7 -23 2 -40 19
-85 82 -31 44 -69 102 -84 130 -15 28 -37 62 -50 76 -27 30 -96 133 -118 176
-13 25 -14 34 -4 41 20 16 248 100 307 114 30 7 59 16 64 21 6 4 25 8 44 8 18
0 42 4 52 10 10 5 91 16 181 25 90 9 165 18 169 22 9 10 5130 -7 5319 -18z
m-6438 -426 c20 -27 59 -88 88 -136 29 -48 69 -107 88 -130 20 -23 49 -65 65
-94 16 -28 36 -57 43 -63 25 -21 17 -37 -42 -83 -178 -137 -430 -447 -493
-607 -25 -65 -45 -64 -195 10 -69 33 -142 67 -163 74 -82 30 -212 99 -217 117
-6 19 66 171 127 265 17 27 47 74 66 104 95 150 284 357 446 489 66 54 134
101 146 101 3 0 22 -21 41 -47z m7566 7 c168 -113 448 -413 551 -589 14 -25
36 -61 48 -79 48 -71 125 -233 119 -251 -5 -18 -135 -87 -217 -117 -21 -7 -94
-41 -163 -74 -150 -74 -170 -75 -195 -10 -63 160 -315 470 -492 607 -59 45
-68 62 -44 82 7 6 31 41 52 77 21 35 56 87 78 114 23 26 57 77 76 111 42 76
108 169 119 169 4 0 35 -18 68 -40z m-1234 -231 c71 -5 147 -16 170 -24 23 -8
54 -15 69 -15 15 0 30 -4 33 -10 3 -5 17 -10 30 -10 13 0 27 -4 30 -10 3 -5
15 -10 26 -10 10 0 27 -4 37 -9 9 -5 25 -12 35 -15 16 -5 16 -8 3 -41 -17 -40
-61 -107 -118 -180 -22 -27 -70 -99 -108 -160 -37 -60 -75 -114 -83 -119 -11
-7 -38 -4 -89 9 -72 20 -123 20 -2638 20 -2492 0 -2567 -1 -2636 -19 -39 -11
-78 -17 -86 -13 -9 3 -50 59 -91 125 -42 65 -101 152 -132 193 -60 80 -108
167 -99 180 3 5 14 9 24 9 10 0 22 5 25 10 3 6 17 10 30 10 13 0 27 5 30 10 3
6 17 10 30 10 13 0 27 5 30 10 3 6 21 10 39 10 18 0 36 3 40 8 24 23 175 35
566 42 581 10 4674 1 4833 -11z m936 -425 c136 -129 242 -259 317 -385 60
-101 91 -166 83 -173 -8 -8 -166 -83 -199 -96 -19 -7 -97 -42 -172 -77 -75
-36 -141 -62 -146 -59 -5 3 -26 34 -47 70 -48 82 -177 231 -254 293 -33 26
-60 53 -60 60 -1 7 72 120 160 252 l162 240 27 -14 c15 -8 73 -58 129 -111z
m-6885 73 c16 -23 54 -82 84 -132 30 -49 70 -108 89 -129 18 -22 33 -45 33
-52 0 -7 3 -14 8 -16 12 -5 72 -98 71 -111 0 -7 -27 -34 -60 -60 -77 -62 -206
-211 -254 -293 -21 -36 -42 -67 -48 -71 -5 -3 -69 24 -143 61 -73 36 -139 66
-145 66 -19 0 -229 102 -229 111 0 15 49 113 87 176 78 126 119 177 252 313
124 126 189 180 216 180 6 -1 23 -20 39 -43z m-1714 -196 c88 -39 625 -285
1020 -466 124 -57 304 -140 400 -184 203 -92 194 -79 139 -216 -4 -11 -9 -29
-11 -40 -5 -28 -30 -22 -167 37 -64 27 -213 92 -331 143 -361 155 -810 351
-915 398 -55 25 -147 65 -205 88 -58 24 -107 44 -109 46 -4 3 41 162 60 211 5
12 14 22 21 22 7 0 51 -18 98 -39z m10267 -71 c18 -58 33 -109 33 -115 0 -5
-49 -29 -108 -53 -59 -24 -152 -64 -207 -89 -104 -47 -544 -238 -915 -398
-118 -51 -267 -116 -331 -143 -137 -59 -162 -65 -167 -37 -2 11 -7 29 -11 40
-55 137 -64 124 139 216 96 44 272 125 390 179 1096 504 1111 511 1130 507 9
-1 27 -42 47 -107z m-2697 -22 c25 -5 62 -12 83 -15 20 -3 40 -9 43 -14 3 -5
16 -9 30 -9 33 0 213 -85 302 -143 74 -48 288 -256 312 -304 8 -15 23 -36 32
-47 21 -23 100 -202 134 -302 47 -141 47 -153 47 -3584 0 -3430 0 -3444 -47
-3584 -34 -100 -113 -279 -134 -302 -9 -11 -24 -32 -32 -47 -24 -48 -238 -256
-312 -304 -89 -58 -269 -143 -302 -143 -14 0 -27 -4 -30 -9 -3 -5 -23 -11 -43
-14 -21 -3 -60 -10 -88 -16 -69 -14 -4941 -14 -5010 0 -27 6 -67 13 -88 16
-20 3 -40 9 -43 14 -3 5 -16 9 -30 9 -33 0 -213 85 -302 143 -74 48 -288 256
-312 304 -8 15 -23 36 -32 47 -21 23 -100 202 -134 302 -47 141 -47 154 -47
3584 0 3431 0 3443 47 3584 34 100 113 279 134 302 9 11 24 32 32 47 24 48
238 256 312 304 89 58 269 143 302 143 14 0 28 5 31 10 3 6 20 10 36 10 17 0
40 6 52 12 36 21 741 25 2957 20 1274 -2 2072 -8 2100 -14z m-7700 -194 c35
-14 99 -43 142 -65 43 -21 83 -39 89 -39 6 0 54 -19 106 -42 l95 -41 -6 -46
c-22 -157 -25 -692 -25 -3991 0 -3299 3 -3834 25 -3991 l6 -46 -95 -41 c-52
-23 -99 -42 -106 -42 -6 0 -62 -25 -125 -55 -62 -31 -130 -58 -149 -62 l-35
-5 -12 58 c-32 154 -40 226 -50 444 -8 161 -10 1401 -8 3920 4 3449 5 3692 21
3800 24 154 50 270 61 270 1 0 31 -12 66 -26z m10479 -89 c48 -218 46 -79 46
-4135 0 -3097 -3 -3846 -13 -3934 -13 -109 -47 -290 -57 -307 -6 -9 -79 17
-230 84 -55 24 -140 61 -189 82 l-88 39 6 50 c23 179 26 547 26 3986 0 3439
-3 3807 -26 3986 l-6 50 63 29 c35 15 99 43 144 60 44 18 125 54 180 79 80 37
102 43 112 33 7 -7 22 -53 32 -102z m-9754 -225 c116 -50 239 -103 273 -117
59 -24 63 -28 58 -52 -20 -81 -25 -874 -25 -3736 0 -2862 5 -3666 24 -3746 6
-24 2 -27 -82 -63 -48 -21 -110 -46 -138 -56 -27 -10 -68 -27 -90 -38 -22 -12
-82 -39 -134 -61 -103 -45 -106 -44 -116 19 -3 19 -10 60 -16 90 -6 30 -14
183 -19 340 -12 377 -12 6654 0 7020 6 177 15 317 25 370 15 81 24 120 28 120
2 0 97 -41 212 -90z m9149 73 c24 -76 38 -220 46 -473 12 -366 12 -6643 0
-7020 -5 -157 -13 -310 -19 -340 -6 -30 -13 -71 -16 -90 -10 -65 -10 -65 -161
1 -76 34 -159 69 -184 79 -25 10 -85 35 -133 56 -84 36 -88 39 -82 63 19 80
24 884 24 3741 0 2861 -5 3661 -25 3741 -5 24 -1 28 58 52 34 14 155 66 268
116 113 49 208 90 212 90 4 1 9 -7 12 -16z m-8628 -299 c92 -43 213 -95 342
-146 l52 -21 0 -3517 0 -3517 -67 -27 c-38 -15 -95 -38 -128 -51 -33 -13 -113
-48 -178 -79 -65 -31 -122 -56 -127 -56 -8 0 -12 19 -30 115 -11 66 -11 7164
0 7230 17 96 22 115 30 115 4 0 52 -21 106 -46z m8012 1 c15 -37 17 -337 19
-3635 2 -2305 0 -3616 -7 -3655 -16 -101 -22 -125 -31 -125 -5 0 -70 30 -146
66 -76 36 -151 70 -168 74 -16 5 -66 23 -110 41 l-80 34 0 3515 0 3515 45 22
c25 12 86 36 135 53 50 17 140 55 200 85 61 30 114 53 119 52 4 -2 15 -21 24
-42z m-7569 -7327 c7 -24 20 -59 28 -80 8 -20 13 -42 11 -48 -2 -7 -82 -48
-178 -92 -238 -108 -420 -192 -925 -423 -548 -252 -584 -268 -599 -262 -12 5
-83 224 -75 230 2 2 51 22 109 46 58 23 150 63 205 88 138 62 1163 507 1310
569 51 21 83 30 90 24 7 -6 17 -29 24 -52z m7248 -29 c114 -50 248 -108 298
-129 108 -45 763 -331 890 -388 50 -22 137 -60 195 -83 58 -24 107 -44 109
-46 8 -6 -63 -225 -75 -230 -15 -6 -51 10 -599 262 -456 209 -642 294 -925
424 -156 71 -175 82 -174 103 1 23 19 77 35 110 5 10 9 26 9 36 0 20 8 32 21
32 5 0 102 -41 216 -91z m-7122 -244 c54 -88 178 -230 254 -292 33 -26 60 -53
60 -60 1 -13 -59 -106 -71 -111 -5 -2 -8 -9 -8 -16 0 -6 -18 -34 -41 -61 -22
-27 -48 -63 -56 -79 -9 -17 -45 -74 -81 -128 l-65 -97 -27 14 c-42 22 -223
199 -308 301 -109 131 -232 339 -216 365 9 15 151 84 224 109 36 12 72 28 80
35 21 18 193 95 204 92 5 -2 28 -34 51 -72z m6956 4 c64 -33 122 -59 128 -59
18 0 231 -102 231 -110 0 -43 -125 -248 -222 -364 -85 -103 -266 -279 -309
-301 l-27 -14 -76 117 c-41 64 -96 144 -121 178 -25 34 -45 66 -45 72 0 6 -3
12 -7 14 -13 5 -73 98 -73 111 0 7 19 26 41 42 87 63 221 221 303 358 21 34
22 34 177 -44z m-7566 -257 c17 -28 52 -90 80 -137 27 -48 84 -128 126 -178
77 -93 240 -255 314 -314 35 -27 38 -33 27 -50 -7 -10 -20 -31 -30 -47 -9 -16
-42 -63 -73 -105 -31 -42 -78 -112 -104 -156 -59 -97 -116 -175 -128 -175 -25
0 -157 109 -291 240 -141 138 -262 283 -322 387 -16 26 -38 63 -50 81 -49 73
-125 233 -119 252 5 17 147 93 235 125 19 7 91 40 160 74 69 33 130 59 135 58
6 -2 24 -26 40 -55z m8129 4 c61 -29 143 -67 181 -84 141 -60 225 -105 230
-123 6 -18 -70 -180 -119 -251 -12 -18 -34 -55 -50 -81 -60 -104 -181 -249
-322 -387 -134 -131 -266 -240 -291 -240 -12 0 -70 80 -131 181 -29 47 -63 98
-77 113 -13 14 -43 57 -65 96 -23 38 -48 74 -56 81 -24 20 -16 37 44 82 175
135 435 456 492 607 11 31 35 60 48 60 3 0 55 -24 116 -54z m-7044 -196 c81
-41 98 -53 93 -67 -12 -33 -104 -173 -531 -808 -509 -756 -530 -785 -554 -785
-10 0 -18 4 -18 9 0 5 -13 14 -30 21 -16 7 -50 25 -75 41 -45 28 -45 29 -31
56 13 27 469 719 813 1236 178 268 186 281 208 320 9 15 18 27 20 27 3 0 50
-22 105 -50z m5925 23 c15 -28 32 -53 70 -109 85 -126 919 -1392 936 -1422 12
-21 20 -45 17 -53 -3 -8 -34 -30 -69 -49 -35 -18 -65 -37 -67 -42 -2 -4 -12
-8 -21 -8 -23 0 -48 35 -553 785 -469 697 -525 783 -530 810 -2 14 17 29 90
67 51 26 97 48 102 48 5 0 16 -12 25 -27z m-7602 -179 c161 -304 312 -501 536
-701 52 -46 125 -105 162 -131 38 -26 69 -50 69 -53 0 -9 -118 -188 -136 -206
-8 -8 -33 -47 -56 -86 -43 -75 -115 -177 -124 -177 -11 0 -133 87 -204 146
-117 97 -379 369 -456 474 -110 149 -274 417 -274 448 0 7 -4 12 -10 12 -5 0
-10 6 -10 13 0 6 -14 41 -30 75 -17 35 -27 68 -24 74 6 9 172 93 259 130 22
10 81 35 130 58 50 22 95 38 100 37 6 -2 36 -53 68 -113z m9324 75 c53 -22
103 -44 112 -49 9 -5 73 -35 142 -68 70 -33 129 -64 133 -70 3 -6 -7 -39 -24
-74 -16 -34 -30 -69 -30 -75 0 -7 -4 -13 -10 -13 -5 0 -10 -5 -10 -12 0 -31
-164 -299 -274 -448 -77 -105 -339 -377 -456 -474 -98 -82 -198 -149 -210
-141 -12 7 -64 81 -110 156 -19 31 -72 112 -117 179 -46 66 -83 124 -83 128 0
4 31 28 69 54 37 26 110 85 162 131 226 201 394 422 542 714 28 56 56 103 60
103 4 0 51 -18 104 -41z m-7379 -26 c54 -17 208 -18 2627 -18 2520 0 2571 0
2643 20 50 13 78 16 89 9 8 -5 43 -53 76 -106 34 -53 97 -146 139 -206 43 -60
85 -126 93 -146 14 -34 14 -37 -2 -42 -10 -3 -26 -10 -35 -15 -10 -5 -27 -9
-37 -9 -11 0 -23 -4 -26 -10 -3 -5 -17 -10 -30 -10 -13 0 -26 -4 -29 -9 -3 -5
-23 -11 -43 -14 -21 -3 -72 -13 -113 -23 -192 -42 -5248 -42 -5440 0 -41 10
-92 20 -113 23 -20 3 -40 9 -43 14 -3 5 -16 9 -29 9 -13 0 -27 5 -30 10 -3 6
-15 10 -26 10 -10 0 -27 4 -37 9 -9 5 -25 12 -35 15 -16 5 -16 8 -2 42 8 19
45 78 82 130 86 120 93 130 164 242 65 103 66 103 157 75z m-413 -563 c3 -5
17 -10 30 -10 13 0 27 -4 30 -10 3 -5 17 -10 30 -10 13 0 26 -4 29 -9 3 -5 20
-11 38 -14 18 -3 65 -14 103 -24 67 -17 199 -18 2785 -18 2586 0 2718 1 2785
18 39 10 85 21 103 24 18 3 35 9 38 14 3 5 16 9 29 9 13 0 27 5 30 10 3 6 16
10 29 10 12 0 27 5 33 11 6 6 23 9 39 7 23 -2 40 -19 86 -83 31 -44 63 -91 70
-105 7 -13 46 -72 86 -130 94 -134 116 -175 99 -187 -18 -14 -245 -99 -302
-113 -27 -6 -59 -16 -70 -20 -11 -5 -36 -11 -55 -14 -19 -2 -56 -9 -82 -15
-138 -30 -361 -33 -2918 -33 -2557 0 -2780 3 -2918 33 -26 6 -63 13 -82 15
-19 3 -44 9 -55 14 -11 4 -49 16 -84 25 -36 9 -114 37 -175 60 -83 33 -112 48
-114 63 -3 18 42 91 141 229 20 29 37 55 37 58 0 8 75 120 112 168 22 27 37
37 58 37 16 0 32 -4 35 -10z m-425 -560 c0 -5 6 -10 14 -10 8 0 44 -13 81 -30
37 -16 75 -30 85 -30 11 0 22 -4 25 -10 3 -5 16 -10 29 -10 12 0 26 -4 31 -9
17 -15 275 -73 369 -82 119 -11 5553 -11 5672 0 94 9 352 67 368 82 6 5 20 9
32 9 13 0 26 5 29 10 3 5 14 10 25 10 10 0 48 14 85 30 37 17 73 30 81 30 8 0
14 5 14 10 0 6 4 10 10 10 12 0 103 -129 135 -190 13 -25 32 -54 43 -66 37
-39 142 -197 142 -214 0 -11 -31 -30 -97 -60 -116 -51 -301 -120 -325 -120 -9
0 -20 -4 -23 -10 -3 -5 -21 -10 -40 -10 -19 0 -37 -4 -40 -10 -3 -5 -20 -10
-36 -10 -17 0 -51 -7 -77 -15 -26 -8 -99 -22 -162 -30 -302 -42 -5698 -42
-6000 0 -63 8 -136 22 -162 30 -26 8 -60 15 -77 15 -16 0 -33 5 -36 10 -3 6
-21 10 -40 10 -19 0 -37 5 -40 10 -3 6 -14 10 -23 10 -24 0 -209 69 -324 120
-66 30 -98 49 -98 60 0 9 23 50 52 91 28 41 64 93 80 116 16 23 33 45 38 48 5
3 23 31 40 63 56 103 120 180 120 142z"/>
<path d="M3893 11001 c-245 -4 -335 -9 -345 -18 -6 -7 -20 -13 -30 -13 -27 0
-219 -93 -289 -141 -35 -23 -105 -84 -154 -133 -142 -142 -205 -254 -273 -479
l-27 -92 0 -3345 0 -3345 27 -92 c68 -225 131 -337 273 -479 105 -106 201
-172 335 -230 186 -82 -85 -74 2650 -74 2735 0 2464 -8 2650 74 134 58 230
124 335 230 142 142 205 254 273 479 l27 92 0 3345 0 3345 -27 92 c-68 225
-131 337 -273 479 -105 106 -201 172 -335 231 -183 79 42 72 -2345 77 -1177 2
-2289 1 -2472 -3z m3562 -61 c987 -8 1100 -12 1130 -41 5 -5 17 -9 27 -9 35 0
215 -99 291 -159 79 -63 208 -205 230 -253 6 -16 15 -28 19 -28 5 0 8 -9 8
-19 0 -11 3 -21 8 -23 4 -1 17 -30 30 -63 13 -33 27 -67 32 -76 15 -28 28 -90
45 -198 13 -92 15 -472 15 -3293 -1 -2793 -3 -3201 -16 -3291 -16 -106 -30
-168 -44 -196 -5 -9 -19 -43 -32 -76 -13 -33 -26 -61 -30 -63 -5 -2 -8 -12 -8
-23 0 -10 -3 -19 -8 -19 -4 0 -13 -12 -19 -27 -22 -49 -151 -191 -230 -254
-76 -60 -256 -159 -291 -159 -10 0 -22 -4 -27 -9 -31 -29 -142 -33 -1322 -42
-747 -6 -1659 -6 -2405 0 -1181 9 -1292 13 -1323 42 -5 5 -17 9 -27 9 -35 0
-215 99 -291 159 -79 63 -208 205 -230 254 -6 15 -15 27 -19 27 -5 0 -8 9 -8
19 0 11 -3 21 -7 23 -5 1 -18 30 -31 63 -13 33 -27 67 -32 76 -14 28 -28 90
-44 196 -14 90 -15 494 -15 3293 0 2799 1 3203 15 3293 16 106 30 168 44 196
5 9 19 43 32 76 13 33 26 62 31 63 4 2 7 12 7 23 0 10 3 19 8 19 4 0 13 12 19
28 22 48 151 190 230 253 76 60 256 159 291 159 10 0 22 4 28 10 5 5 59 17
119 26 61 9 112 18 114 20 7 7 2619 3 3686 -6z"/>
<path d="M3873 10045 c-54 -27 -94 -71 -119 -130 -21 -52 -21 -6218 0 -6270
25 -59 66 -103 120 -130 l51 -25 2146 2 2146 3 49 30 c30 19 60 49 79 79 l30
49 3 3114 c2 2705 0 3118 -12 3148 -25 59 -65 103 -119 130 l-51 25 -2136 0
-2136 0 -51 -25z m589 -567 l3 -513 462 -3 462 -2 46 -68 c60 -88 77 -106 160
-174 72 -57 197 -123 270 -142 55 -13 339 -12 397 2 70 17 194 83 274 145 63
50 90 80 178 200 l27 37 460 0 459 0 0 515 0 515 271 0 c303 0 312 -2 354 -72
20 -33 20 -53 23 -1565 l2 -1533 -796 0 c-687 0 -795 2 -791 14 9 24 -30 146
-75 231 -93 178 -302 325 -508 355 -196 29 -402 -52 -566 -222 -61 -62 -144
-200 -144 -238 0 -10 -7 -31 -15 -46 -8 -16 -15 -44 -15 -61 l0 -33 -790 0
-790 0 0 1538 c0 1489 1 1538 19 1566 43 65 48 66 348 66 l273 0 2 -512z
m3116 35 l2 -473 -1515 0 -1515 0 0 475 0 475 1513 -2 1512 -3 3 -472z m-971
-570 c7 -19 -114 -139 -185 -184 -264 -167 -528 -153 -782 43 -49 37 -132 136
-125 148 9 15 1087 8 1092 -7z m-417 -1629 c105 -27 179 -71 271 -163 92 -92
130 -155 154 -257 8 -33 14 -62 15 -66 0 -5 -255 -8 -566 -8 l-566 0 7 52 c17
124 102 250 235 349 54 40 156 89 187 89 15 0 46 7 68 15 44 16 101 13 195
-11z m-790 -616 c0 -18 7 -46 15 -62 8 -15 15 -36 15 -46 0 -38 83 -176 144
-238 164 -171 370 -251 568 -222 144 20 300 104 415 222 75 77 185 315 167
362 -6 15 67 16 790 16 l796 0 -2 -1527 c-3 -1508 -3 -1528 -23 -1561 -11 -18
-36 -43 -55 -55 -33 -21 -48 -22 -302 -25 l-268 -3 0 515 0 516 -464 0 -464 0
-25 43 c-71 120 -191 227 -333 294 -102 48 -136 55 -295 60 -113 3 -148 1
-211 -16 -170 -46 -327 -159 -429 -308 l-49 -73 -463 -2 -462 -3 -3 -513 -2
-513 -268 3 c-254 3 -269 4 -302 25 -19 12 -43 35 -52 51 -17 28 -18 121 -18
1561 l0 1531 790 0 790 0 0 -32z m1230 25 c-1 -5 -7 -34 -15 -67 -34 -144
-135 -273 -281 -361 -165 -99 -369 -99 -546 0 -61 34 -180 145 -207 193 -45
79 -69 139 -76 190 l-7 52 566 0 c311 0 566 -3 566 -7z m-462 -1828 c93 -19
163 -48 248 -101 74 -46 198 -167 191 -187 -4 -14 -1076 -22 -1089 -9 -15 15
88 127 164 178 98 67 163 95 276 119 78 18 128 18 210 0z m1412 -860 l0 -475
-1515 0 -1515 0 0 475 0 475 1515 0 1515 0 0 -475z"/>
</g>
</svg>
